00000530010123 -1 00000530020123 -1 00000530000123 -1 00000530020123 -1 00000530030123 -1 00000530040123 -1 00000530110123 -1 00000530010123 -1 00000530070123 -1 00000530010123 -1 00000530050123 -1 00000530130123 -1 00000530140123 -1 00000530120123 -1 00000530080123 -1 00000530090123 -1 00000530000123 -1 00000530010123 -1 00000530020123 -1 00000530020123 -1 00000530030123 -1 00000530050123 -1 00000530040123 -1 -2
00000190000123 -1 00000190010123 -1 00000190020123 -1 00000190000123 -1 00000190020123 -1 00000190030123 -1 00000190000123 -1 00000190010123 -1 00000190020123 -1 00000190020123 -1 00000190030123 -1 00000190040123 -1 00000190010123 -1 00000190070123 -1 00000190010123 -1 00000190130123 -1 00000190140123 -1 00000190050123 -1 00000190120123 -1 00000190110123 -1 00000190000123 -1 00000190010123 -1 00000190020123 -1 00000190020123 -1 00000190030123 -1 00000190050123 -1 00000190040123 -1 00000190000123 -1 00000190110123 -1 00000190010123 -1 00000190000123 -1 00000190020123 -1 00000190020123 -1 00000190030123 -1 00000190040123 -1 00000190050123 -1 -2
00000160010123 -1 00000160010123 -1 -2
00001170010200 -1 -2
00000350010123 -1 00000350070123 -1 00000350110123 -1 -2
00000160010123 -1 00000160010200 -1 -2
00001390010200 -1 00001390020200 -1 00001390020200 -1 00001390030200 -1 00001390000200 -1 00001390040200 -1 00001390010200 -1 00001390110200 -1 00001390070200 -1 00001390010200 -1 00001390050200 -1 00001390130200 -1 00001390140200 -1 00001390120200 -1 00001390000200 -1 00001390110200 -1 -2
00000930010123 -1 00000930010123 -1 00000930010123 -1 00000930010123 -1 00000930010123 -1 00000930010123 -1 00000930010200 -1 00000930010200 -1 -2
00001240010200 -1 00001240010200 -1 00001240000200 -1 00001240070200 -1 00001240020200 -1 00001240030200 -1 00001240000200 -1 00001240050200 -1 00001240010200 -1 00001240020200 -1 00001240030200 -1 00001240120200 -1 -2
00000440170123 -1 00000440010123 -1 00000440000123 -1 00000440020123 -1 00000440020123 -1 00000440030123 -1 00000440040123 -1 00000440050123 -1 00000440110123 -1 00000440180123 -1 00000440170123 -1 00000440170123 -1 00000440170123 -1 00000440180123 -1 00000440190123 -1 00000440200123 -1 00000440010123 -1 00000440020123 -1 00000440220123 -1 00000440000123 -1 00000440230123 -1 00000440240123 -1 00000440200123 -1 00000440250123 -1 00000440260123 -1 00000440000123 -1 00000440110123 -1 00000440170123 -1 00000440170123 -1 00000440110123 -1 00000440010123 -1 00000440020123 -1 00000440000123 -1 00000440020123 -1 00000440030123 -1 00000440040123 -1 00000440050123 -1 00000440000123 -1 00000440110123 -1 00000440180123 -1 00000440170123 -1 00000440170123 -1 00000440010123 -1 00000440020123 -1 00000440020123 -1 00000440170123 -1 00000440220123 -1 00000440000123 -1 00000440180123 -1 00000440180200 -1 00000440180200 -1 00000440180200 -1 -2
00000160010123 -1 00000160010200 -1 -2
00000460000123 -1 00000460010123 -1 00000460020123 -1 00000460020123 -1 00000460030123 -1 00000460040123 -1 00000460110123 -1 00000460010123 -1 00000460070123 -1 00000460010123 -1 00000460050123 -1 00000460130123 -1 00000460140123 -1 00000460120123 -1 00000460010123 -1 00000460000123 -1 00000460020123 -1 00000460020123 -1 00000460030123 -1 00000460040123 -1 00000460050123 -1 00000460000123 -1 00000460010123 -1 00000460020123 -1 00000460020123 -1 00000460030123 -1 00000460040123 -1 00000460010123 -1 00000460110123 -1 00000460070123 -1 00000460050123 -1 00000460010123 -1 00000460130123 -1 00000460140123 -1 00000460120123 -1 00000460000123 -1 00000460000123 -1 00000460010123 -1 00000460020123 -1 00000460020123 -1 00000460000123 -1 00000460010123 -1 00000460020123 -1 00000460020123 -1 00000460030123 -1 00000460050123 -1 00000460040123 -1 00000460000123 -1 00000460110123 -1 00000460010123 -1 00000460000123 -1 00000460020123 -1 00000460020123 -1 00000460030123 -1 00000460050123 -1 00000460040123 -1 00000460000123 -1 00000460010123 -1 00000460020123 -1 00000460020123 -1 00000460030123 -1 00000460000123 -1 00000460010123 -1 00000460070123 -1 00000460040123 -1 00000460010123 -1 00000460050123 -1 00000460000123 -1 00000460130123 -1 00000460110123 -1 00000460140123 -1 00000460120123 -1 00000460110123 -1 00000460000123 -1 00000460010123 -1 00000460020123 -1 00000460020123 -1 00000460030123 -1 00000460000123 -1 00000460040123 -1 00000460050123 -1 00000460000123 -1 00000460010123 -1 00000460020123 -1 00000460020123 -1 00000460030123 -1 00000460040123 -1 00000460110123 -1 00000460010123 -1 00000460070123 -1 00000460010123 -1 00000460050123 -1 00000460130123 -1 00000460140123 -1 00000460120123 -1 00000460000123 -1 00000460110123 -1 00000460010200 -1 00000460000200 -1 00000460020200 -1 00000460020200 -1 00000460030200 -1 00000460050200 -1 00000460040200 -1 00000460000200 -1 00000460010200 -1 00000460020200 -1 00000460020200 -1 00000460010200 -1 00000460000200 -1 00000460020200 -1 00000460020200 -1 00000460030200 -1 00000460050200 -1 00000460040200 -1 00000460010200 -1 00000460000200 -1 00000460020200 -1 00000460020200 -1 00000460030200 -1 00000460040200 -1 00000460050200 -1 00000460080200 -1 00000460090200 -1 00000460000200 -1 00000460010200 -1 00000460020200 -1 00000460020200 -1 00000460030200 -1 00000460040200 -1 00000460050200 -1 00000460000200 -1 00000460010200 -1 00000460020200 -1 00000460020200 -1 00000460030200 -1 00000460050200 -1 00000460040200 -1 00000460000200 -1 00000460010200 -1 00000460020200 -1 00000460020200 -1 00000460030200 -1 00000460050200 -1 00000460040200 -1 00000460180200 -1 00000460180200 -1 00000460170200 -1 00000460170200 -1 00000460180200 -1 00000460010200 -1 00000460000200 -1 00000460020200 -1 00000460020200 -1 00000460030200 -1 00000460040200 -1 00000460050200 -1 -2
00000160010123 -1 00000160010200 -1 -2
00000960010123 -1 00000960070123 -1 00000960000123 -1 00000960010123 -1 00000960020123 -1 00000960030123 -1 00000960050123 -1 00000960010123 -1 00000960020123 -1 00000960030123 -1 00000960120123 -1 00000960170123 -1 00000960010123 -1 00000960000123 -1 00000960070123 -1 00000960010123 -1 00000960020123 -1 00000960030123 -1 00000960050123 -1 00000960010123 -1 00000960020123 -1 00000960030123 -1 00000960170123 -1 00000960170200 -1 00000960170200 -1 00000960010200 -1 00000960070200 -1 00000960000200 -1 00000960050200 -1 00000960010200 -1 00000960020200 -1 00000960030200 -1 00000960170200 -1 00000960170200 -1 00000960170200 -1 00000960110200 -1 00000960050200 -1 00000960010200 -1 00000960020200 -1 00000960030200 -1 00000960170200 -1 00000960170200 -1 00000960170200 -1 00000960270200 -1 00000960010200 -1 00000960020200 -1 00000960280200 -1 00000960170200 -1 00000960170200 -1 00000960170200 -1 00000960000200 -1 00000960010200 -1 00000960020200 -1 00000960030200 -1 00000960050200 -1 00000960010200 -1 00000960020200 -1 00000960030200 -1 00000960120200 -1 -2
00001700000200 -1 -2
00000340010123 -1 00000340020123 -1 00000340030123 -1 00000340000123 -1 00000340050123 -1 00000340010123 -1 00000340020123 -1 00000340030123 -1 00000340120123 -1 -2
00000160010123 -1 00000160010200 -1 -2
00002080010200 -1 00002080290200 -1 00002080330200 -1 00002080330200 -1 00002080010200 -1 00002080020200 -1 00002080020200 -1 00002080030200 -1 00002080000200 -1 00002080050200 -1 00002080010200 -1 00002080010200 -1 00002080020200 -1 00002080020200 -1 00002080020200 -1 00002080020200 -1 00002080030200 -1 00002080030200 -1 00002080170200 -1 00002080170200 -1 00002080170200 -1 00002080170200 -1 -2
00002050000200 -1 00002050010200 -1 00002050010200 -1 00002050070200 -1 00002050020200 -1 00002050020200 -1 00002050030200 -1 00002050000200 -1 00002050050200 -1 00002050010200 -1 00002050020200 -1 00002050020200 -1 00002050030200 -1 00002050120200 -1 -2
00001470010200 -1 00001470000200 -1 00001470020200 -1 00001470030200 -1 00001470050200 -1 00001470010200 -1 00001470020200 -1 00001470030200 -1 00001470120200 -1 00001470010200 -1 00001470000200 -1 00001470020200 -1 00001470030200 -1 00001470050200 -1 00001470010200 -1 00001470020200 -1 00001470030200 -1 00001470010200 -1 00001470070200 -1 -2
00000160010123 -1 00000160010200 -1 00000160010200 -1 -2
00003040290200 -1 00003040010200 -1 00003040020200 -1 00003040020200 -1 00003040030200 -1 00003040270200 -1 00003040010200 -1 00003040020200 -1 00003040020200 -1 00003040010200 -1 00003040020200 -1 00003040020200 -1 00003040280200 -1 00003040010200 -1 00003040020200 -1 00003040020200 -1 00003040030200 -1 00003040040200 -1 00003040010200 -1 00003040070200 -1 00003040010200 -1 00003040000200 -1 00003040020200 -1 00003040020200 -1 00003040030200 -1 00003040040200 -1 00003040050200 -1 00003040120200 -1 00003040010200 -1 00003040130200 -1 00003040140200 -1 00003040010200 -1 00003040020200 -1 00003040020200 -1 00003040030200 -1 00003040000200 -1 00003040040200 -1 00003040050200 -1 00003040000200 -1 00003040110200 -1 -2
00001470010200 -1 00001470000200 -1 00001470020200 -1 00001470030200 -1 00001470050200 -1 00001470010200 -1 00001470020200 -1 00001470030200 -1 00001470120200 -1 00001470010200 -1 00001470000200 -1 00001470020200 -1 00001470030200 -1 00001470050200 -1 00001470010200 -1 00001470020200 -1 00001470030200 -1 00001470010200 -1 00001470010200 -1 00001470070200 -1 00001470010200 -1 00001470000200 -1 00001470020200 -1 00001470030200 -1 00001470120200 -1 00001470050200 -1 00001470010200 -1 00001470020200 -1 00001470030200 -1 00001470010200 -1 00001470070200 -1 -2
00004000290200 -1 00004000010200 -1 00004000020200 -1 00004000020200 -1 00004000030200 -1 00004000270200 -1 00004000010200 -1 00004000020200 -1 00004000020200 -1 00004000010200 -1 00004000020200 -1 00004000020200 -1 00004000280200 -1 00004000010200 -1 00004000020200 -1 00004000020200 -1 00004000030200 -1 00004000040200 -1 00004000010200 -1 00004000070200 -1 00004000010200 -1 00004000000200 -1 00004000020200 -1 00004000020200 -1 00004000030200 -1 00004000040200 -1 00004000050200 -1 00004000120200 -1 00004000010200 -1 00004000000200 -1 00004000020200 -1 00004000020200 -1 00004000030200 -1 00004000050200 -1 00004000040200 -1 00004000000200 -1 00004000000200 -1 00004000010200 -1 00004000020200 -1 00004000020200 -1 00004000030200 -1 00004000040200 -1 00004000050200 -1 00004000000200 -1 -2
00000160010123 -1 00000160010200 -1 00000160010200 -1 00000160010200 -1 00000160010200 -1 -2
00004010010200 -1 00004010020200 -1 00004010030200 -1 00004010000200 -1 00004010040200 -1 00004010010200 -1 00004010110200 -1 00004010070200 -1 00004010010200 -1 00004010050200 -1 00004010130200 -1 00004010140200 -1 00004010120200 -1 00004010170200 -1 00004010010200 -1 00004010020200 -1 -2
00002060000200 -1 00002060010200 -1 00002060020200 -1 00002060030200 -1 00002060040200 -1 00002060110200 -1 00002060010200 -1 00002060070200 -1 00002060010200 -1 00002060050200 -1 00002060130200 -1 00002060120200 -1 00002060140200 -1 00002060010200 -1 00002060020200 -1 00002060030200 -1 00002060000200 -1 00002060040200 -1 00002060050200 -1 -2
00004440000200 -1 00004440010200 -1 00004440010200 -1 00004440070200 -1 00004440020200 -1 00004440030200 -1 00004440120200 -1 00004440010200 -1 00004440050200 -1 00004440020200 -1 00004440030200 -1 00004440010200 -1 00004440020200 -1 00004440000200 -1 00004440000200 -1 00004440010200 -1 00004440020200 -1 00004440030200 -1 00004440050200 -1 00004440010200 -1 00004440020200 -1 00004440030200 -1 -2
00003300000200 -1 00003300010200 -1 00003300020200 -1 00003300020200 -1 00003300030200 -1 -2
00003190000200 -1 -2
00003680000200 -1 00003680010200 -1 00003680020200 -1 00003680020200 -1 00003680030200 -1 -2
00002060000200 -1 00002060010200 -1 00002060020200 -1 00002060030200 -1 00002060040200 -1 00002060110200 -1 00002060010200 -1 00002060070200 -1 00002060010200 -1 00002060050200 -1 00002060130200 -1 00002060120200 -1 00002060140200 -1 00002060010200 -1 00002060020200 -1 00002060030200 -1 00002060000200 -1 00002060040200 -1 00002060010200 -1 00002060020200 -1 00002060030200 -1 00002060110200 -1 00002060040200 -1 00002060010200 -1 00002060070200 -1 00002060010200 -1 00002060050200 -1 00002060000200 -1 00002060130200 -1 00002060140200 -1 00002060120200 -1 -2
00005150000200 -1 00005150010200 -1 00005150020200 -1 00005150030200 -1 00005150110200 -1 00005150040200 -1 00005150010200 -1 00005150070200 -1 00005150010200 -1 00005150050200 -1 00005150130200 -1 00005150140200 -1 00005150120200 -1 00005150080200 -1 00005150090200 -1 00005150010200 -1 00005150020200 -1 00005150000200 -1 00005150030200 -1 00005150050200 -1 00005150040200 -1 00005150010200 -1 00005150020200 -1 00005150030200 -1 00005150050200 -1 -2
00002460000200 -1 00002460010200 -1 00002460020200 -1 00002460020200 -1 00002460030200 -1 00002460110200 -1 00002460040200 -1 00002460010200 -1 00002460070200 -1 00002460010200 -1 00002460050200 -1 00002460010200 -1 00002460020200 -1 00002460020200 -1 00002460130200 -1 00002460140200 -1 00002460120200 -1 00002460000200 -1 00002460010200 -1 00002460020200 -1 00002460020200 -1 00002460030200 -1 00002460040200 -1 00002460050200 -1 00002460010200 -1 00002460000200 -1 00002460020200 -1 00002460020200 -1 00002460030200 -1 00002460040200 -1 00002460050200 -1 00002460010200 -1 00002460000200 -1 00002460020200 -1 00002460020200 -1 00002460030200 -1 00002460040200 -1 00002460050200 -1 -2
00002500010200 -1 00002500020200 -1 00002500020200 -1 00002500030200 -1 00002500000200 -1 00002500110200 -1 00002500040200 -1 00002500010200 -1 00002500070200 -1 00002500010200 -1 00002500050200 -1 00002500130200 -1 00002500140200 -1 00002500120200 -1 -2
00000680010123 -1 00000680070123 -1 00000680000123 -1 00000680010123 -1 00000680020123 -1 00000680030123 -1 00000680050123 -1 00000680010123 -1 00000680020123 -1 00000680030123 -1 00000680080123 -1 00000680090123 -1 00000680080123 -1 00000680090123 -1 00000680080123 -1 00000680090123 -1 00000680010123 -1 00000680020123 -1 00000680030123 -1 -2
00002910010200 -1 00002910000200 -1 00002910070200 -1 00002910050200 -1 00002910010200 -1 00002910020200 -1 00002910030200 -1 00002910120200 -1 00002910080200 -1 00002910090200 -1 00002910080200 -1 00002910090200 -1 -2
00006660000201 -1 00006660010201 -1 00006660020201 -1 00006660030201 -1 -2
00000630000123 -1 00000630010123 -1 00000630020123 -1 00000630030123 -1 00000630000123 -1 00000630040123 -1 00000630050123 -1 00000630000123 -1 00000630110123 -1 00000630010123 -1 00000630020123 -1 00000630170123 -1 00000630170123 -1 00000630010123 -1 00000630020123 -1 00000630030123 -1 00000630040123 -1 00000630000123 -1 00000630050123 -1 00000630110123 -1 00000630040123 -1 -2
00003220010200 -1 00003220020200 -1 00003220030200 -1 00003220040200 -1 00003220110200 -1 00003220010200 -1 00003220070200 -1 00003220010200 -1 00003220050200 -1 00003220000200 -1 00003220130200 -1 00003220120200 -1 00003220140200 -1 00003220010200 -1 00003220020200 -1 -2
00005160010200 -1 00005160020200 -1 00005160030200 -1 00005160040200 -1 00005160110200 -1 00005160010200 -1 00005160070200 -1 00005160010200 -1 00005160050200 -1 00005160130200 -1 00005160140200 -1 00005160000200 -1 00005160120200 -1 00005160010200 -1 00005160000200 -1 00005160020200 -1 00005160030200 -1 00005160050200 -1 00005160040200 -1 00005160000200 -1 -2
00001260010200 -1 00001260000200 -1 00001260070200 -1 00001260010200 -1 00001260020200 -1 00001260020200 -1 00001260030200 -1 00001260050200 -1 00001260010200 -1 00001260020200 -1 00001260120200 -1 00001260020200 -1 00001260030200 -1 00001260080200 -1 00001260090200 -1 00001260170200 -1 00001260170200 -1 00001260170200 -1 00001260170200 -1 00001260000200 -1 -2
00003740000200 -1 -2
00000960010123 -1 00000960070123 -1 00000960000123 -1 00000960010123 -1 00000960020123 -1 00000960030123 -1 00000960050123 -1 00000960010123 -1 00000960020123 -1 00000960030123 -1 00000960120123 -1 00000960170123 -1 00000960010123 -1 00000960000123 -1 00000960070123 -1 00000960010123 -1 00000960020123 -1 00000960030123 -1 00000960050123 -1 00000960010123 -1 00000960020123 -1 00000960030123 -1 00000960170123 -1 00000960170200 -1 00000960170200 -1 00000960010200 -1 00000960070200 -1 00000960000200 -1 00000960050200 -1 00000960010200 -1 00000960020200 -1 00000960030200 -1 00000960170200 -1 00000960170200 -1 00000960170200 -1 00000960110200 -1 00000960050200 -1 00000960010200 -1 00000960020200 -1 00000960030200 -1 00000960170200 -1 00000960170200 -1 00000960170200 -1 00000960270200 -1 00000960010200 -1 00000960020200 -1 00000960280200 -1 00000960170200 -1 00000960170200 -1 00000960170200 -1 00000960000200 -1 00000960010200 -1 00000960020200 -1 00000960030200 -1 00000960050200 -1 00000960010200 -1 00000960020200 -1 00000960030200 -1 00000960010200 -1 00000960000200 -1 00000960020200 -1 00000960030200 -1 00000960050200 -1 00000960010200 -1 00000960020200 -1 00000960030200 -1 00000960270200 -1 00000960010200 -1 00000960020200 -1 00000960280200 -1 00000960170200 -1 00000960110200 -1 00000960050200 -1 00000960010200 -1 00000960020200 -1 00000960030200 -1 00000960000200 -1 00000960010200 -1 00000960010200 -1 00000960070200 -1 00000960020200 -1 00000960030200 -1 00000960050200 -1 00000960010200 -1 00000960020200 -1 00000960030200 -1 00000960120200 -1 00000960050200 -1 00000960010200 -1 00000960020200 -1 00000960030200 -1 00000960170200 -1 00000960110200 -1 00000960000200 -1 00000960010200 -1 00000960020200 -1 00000960030200 -1 00000960050200 -1 00000960010200 -1 00000960020200 -1 00000960030200 -1 00000960050200 -1 00000960010200 -1 00000960020200 -1 00000960030200 -1 00000960000200 -1 00000960110200 -1 00000960000200 -1 00000960010200 -1 00000960020200 -1 00000960030200 -1 00000960050200 -1 00000960010200 -1 00000960020200 -1 00000960030200 -1 00000960120200 -1 00000960010200 -1 00000960010200 -1 00000960000200 -1 00000960020200 -1 00000960030200 -1 00000960050200 -1 00000960010200 -1 00000960020200 -1 00000960030200 -1 00000960050200 -1 00000960020200 -1 00000960020200 -1 00000960020200 -1 00000960020200 -1 00000960020200 -1 00000960020200 -1 00000960020200 -1 00000960020200 -1 00000960020200 -1 00000960020200 -1 00000960050200 -1 00000960010200 -1 00000960020200 -1 00000960030200 -1 00000960170200 -1 00000960020200 -1 00000960010200 -1 00000960020200 -1 00000960030200 -1 00000960050200 -1 00000960010200 -1 00000960020200 -1 00000960030200 -1 00000960010200 -1 00000960020200 -1 00000960020200 -1 00000960020200 -1 00000960020200 -1 00000960020200 -1 00000960020200 -1 00000960020200 -1 00000960020200 -1 00000960020200 -1 00000960020200 -1 00000960020200 -1 00000960020200 -1 00000960020200 -1 00000960020200 -1 00000960020200 -1 00000960010200 -1 00000960020200 -1 00000960010200 -1 00000960050200 -1 00000960010200 -1 00000960020200 -1 00000960030200 -1 00000960050200 -1 00000960010200 -1 00000960290200 -1 00000960010200 -1 00000960020200 -1 00000960030200 -1 00000960000200 -1 00000960050200 -1 00000960010200 -1 00000960010200 -1 00000960020200 -1 00000960030200 -1 00000960020200 -1 00000960030200 -1 00000960170200 -1 00000960170200 -1 00000960170200 -1 -2
00001120000123 -1 00001120010123 -1 00001120020123 -1 00001120030123 -1 00001120040123 -1 00001120110123 -1 00001120010123 -1 00001120070123 -1 00001120010123 -1 00001120050123 -1 00001120130123 -1 00001120140123 -1 00001120120123 -1 -2
00001200000200 -1 00001200010200 -1 00001200020200 -1 00001200020200 -1 00001200030200 -1 00001200110200 -1 00001200040200 -1 00001200010200 -1 00001200010200 -1 00001200070200 -1 00001200120200 -1 00001200050200 -1 00001200140200 -1 00001200000200 -1 00001200010200 -1 00001200020200 -1 00001200020200 -1 00001200030200 -1 00001200040200 -1 00001200050200 -1 00001200010200 -1 00001200000200 -1 00001200020200 -1 00001200020200 -1 00001200030200 -1 00001200040200 -1 00001200050200 -1 -2
00027460000201 -1 00027460010201 -1 00027460010201 -1 00027460070201 -1 00027460020201 -1 00027460020201 -1 00027460030201 -1 00027460000201 -1 00027460010201 -1 00027460050201 -1 00027460020201 -1 00027460020201 -1 00027460030201 -1 00027460120201 -1 00027460020201 -1 00027460020201 -1 00027460010201 -1 00027460020201 -1 00027460020201 -1 00027460030201 -1 -2
00028080010201 -1 -2
00003520000200 -1 00003520010200 -1 00003520020200 -1 00003520000200 -1 00003520010200 -1 00003520020200 -1 00003520030200 -1 00003520040200 -1 00003520050200 -1 00003520010200 -1 00003520000200 -1 00003520020200 -1 00003520030200 -1 00003520040200 -1 00003520050200 -1 -2
00000540010123 -1 00000540010123 -1 00000540010123 -1 00000540010123 -1 00000540010123 -1 00000540010123 -1 00000540010200 -1 00000540010200 -1 00000540010200 -1 00000540010200 -1 00000540010200 -1 00000540010200 -1 00000540010200 -1 00000540010200 -1 00000540010200 -1 00000540010200 -1 00000540010200 -1 00000540010200 -1 00000540010200 -1 00000540010200 -1 00000540010200 -1 00000540010200 -1 00000540010200 -1 00000540010200 -1 00000540010200 -1 00000540010200 -1 00000540010200 -1 00000540010200 -1 00000540010200 -1 00000540010200 -1 00000540010200 -1 00000540010200 -1 00000540010200 -1 00000540010200 -1 00000540010200 -1 00000540010200 -1 00000540010200 -1 00000540010200 -1 00000540010200 -1 00000540010200 -1 00000540010200 -1 00000540010200 -1 00000540010200 -1 00000540010200 -1 00000540010201 -1 00000540010201 -1 00000540010201 -1 00000540010201 -1 00000540010201 -1 00000540010201 -1 00000540010201 -1 00000540010201 -1 00000540010201 -1 00000540010201 -1 00000540010201 -1 00000540010201 -1 00000540010201 -1 -2
00000550010123 -1 00000550010123 -1 00000550010123 -1 00000550010123 -1 00000550010123 -1 00000550010123 -1 00000550010200 -1 00000550010200 -1 00000550010200 -1 00000550010200 -1 00000550010200 -1 00000550010200 -1 00000550010200 -1 00000550010200 -1 00000550010200 -1 00000550010200 -1 00000550010200 -1 00000550010200 -1 00000550010200 -1 00000550010200 -1 00000550010200 -1 00000550010200 -1 00000550010200 -1 00000550010200 -1 00000550010200 -1 00000550010200 -1 00000550010200 -1 00000550010200 -1 00000550010200 -1 00000550010200 -1 00000550010200 -1 00000550010200 -1 00000550010200 -1 00000550010200 -1 00000550010200 -1 00000550010200 -1 00000550010200 -1 00000550010200 -1 00000550010200 -1 00000550010200 -1 00000550010200 -1 00000550010200 -1 00000550010200 -1 00000550010200 -1 00000550010201 -1 00000550010201 -1 00000550010201 -1 00000550010201 -1 00000550010201 -1 00000550010201 -1 00000550010201 -1 00000550010201 -1 00000550010201 -1 00000550010201 -1 00000550010201 -1 00000550010201 -1 00000550010201 -1 -2
00031950290201 -1 00031950010201 -1 00031950020201 -1 00031950020201 -1 00031950030201 -1 00031950270201 -1 00031950010201 -1 00031950020201 -1 00031950020201 -1 00031950010201 -1 00031950020201 -1 00031950020201 -1 00031950280201 -1 00031950010201 -1 00031950020201 -1 00031950020201 -1 00031950030201 -1 00031950040201 -1 00031950010201 -1 00031950070201 -1 00031950010201 -1 00031950000201 -1 00031950020201 -1 00031950020201 -1 00031950030201 -1 00031950050201 -1 00031950040201 -1 00031950120201 -1 -2
00004200000200 -1 -2
00026980010201 -1 00026980000201 -1 00026980020201 -1 00026980030201 -1 -2
00000170010123 -1 00000170010123 -1 00000170010123 -1 00000170010123 -1 00000170010123 -1 00000170010123 -1 00000170010123 -1 00000170010123 -1 00000170010200 -1 00000170010200 -1 00000170010200 -1 00000170010200 -1 00000170010200 -1 00000170010200 -1 00000170010200 -1 00000170010200 -1 00000170010200 -1 00000170010200 -1 00000170010200 -1 00000170010200 -1 00000170010200 -1 00000170010200 -1 00000170010200 -1 00000170010200 -1 00000170010200 -1 00000170010200 -1 00000170010200 -1 00000170010200 -1 00000170010200 -1 00000170010200 -1 00000170010200 -1 00000170010200 -1 00000170010200 -1 00000170010200 -1 00000170010200 -1 00000170010200 -1 00000170010200 -1 00000170010200 -1 00000170010200 -1 00000170010200 -1 00000170010200 -1 00000170010200 -1 00000170010200 -1 00000170010200 -1 00000170010200 -1 00000170010200 -1 00000170010200 -1 00000170010200 -1 00000170010200 -1 00000170010200 -1 00000170010200 -1 00000170010200 -1 00000170010200 -1 00000170010200 -1 00000170010200 -1 00000170010200 -1 00000170010200 -1 00000170010200 -1 00000170010200 -1 00000170010200 -1 00000170010200 -1 00000170010200 -1 00000170010200 -1 00000170010200 -1 00000170010200 -1 00000170010200 -1 00000170010200 -1 00000170010200 -1 00000170010201 -1 00000170010201 -1 00000170010201 -1 00000170010201 -1 00000170010201 -1 00000170010201 -1 00000170010201 -1 00000170010201 -1 00000170010201 -1 00000170010201 -1 00000170010201 -1 00000170010201 -1 00000170010201 -1 00000170010201 -1 00000170010201 -1 00000170010201 -1 00000170010201 -1 00000170010201 -1 00000170010201 -1 00000170010201 -1 00000170010201 -1 00000170010201 -1 00000170010201 -1 00000170010201 -1 00000170010201 -1 00000170010201 -1 00000170010201 -1 -2
00000210010123 -1 00000210010123 -1 00000210010123 -1 00000210010123 -1 00000210010123 -1 00000210010123 -1 00000210010123 -1 00000210010123 -1 00000210010123 -1 00000210010123 -1 00000210010123 -1 00000210010123 -1 00000210010123 -1 00000210010123 -1 00000210010123 -1 00000210010123 -1 00000210010200 -1 00000210010200 -1 00000210010200 -1 00000210010200 -1 00000210010200 -1 00000210010200 -1 00000210010200 -1 00000210010200 -1 00000210010200 -1 00000210010200 -1 00000210010200 -1 00000210010200 -1 00000210010200 -1 00000210010200 -1 00000210010200 -1 00000210010200 -1 00000210010200 -1 00000210010200 -1 00000210010200 -1 00000210010200 -1 00000210010200 -1 00000210010200 -1 00000210010200 -1 00000210010200 -1 00000210010200 -1 00000210010200 -1 00000210010200 -1 00000210010200 -1 00000210010200 -1 00000210010200 -1 00000210010200 -1 00000210010200 -1 00000210010200 -1 00000210010200 -1 00000210010200 -1 00000210010200 -1 00000210010200 -1 00000210010200 -1 00000210010200 -1 00000210010200 -1 00000210010200 -1 00000210010200 -1 00000210010200 -1 00000210010200 -1 00000210010200 -1 00000210010200 -1 00000210010200 -1 00000210010200 -1 00000210010200 -1 00000210010200 -1 00000210010200 -1 00000210010200 -1 00000210010200 -1 00000210010200 -1 00000210010200 -1 00000210010200 -1 00000210010200 -1 00000210010200 -1 00000210010200 -1 00000210010200 -1 00000210010200 -1 00000210010200 -1 00000210010200 -1 00000210010200 -1 00000210010200 -1 00000210010200 -1 00000210010200 -1 00000210010200 -1 00000210010200 -1 00000210010200 -1 00000210010200 -1 00000210010200 -1 00000210010200 -1 00000210010200 -1 00000210010200 -1 00000210010200 -1 00000210010200 -1 00000210010200 -1 00000210010200 -1 00000210010200 -1 00000210010200 -1 00000210010200 -1 00000210010200 -1 00000210010200 -1 00000210010200 -1 00000210010200 -1 00000210010200 -1 00000210010200 -1 00000210010200 -1 00000210010200 -1 00000210010200 -1 00000210010200 -1 00000210010200 -1 00000210010200 -1 00000210010200 -1 00000210010200 -1 00000210010200 -1 00000210010200 -1 00000210010200 -1 00000210010200 -1 00000210010200 -1 00000210010200 -1 00000210010200 -1 00000210010200 -1 00000210010200 -1 00000210010200 -1 00000210010200 -1 00000210010200 -1 00000210010200 -1 00000210010200 -1 00000210010200 -1 00000210010200 -1 00000210010200 -1 00000210010200 -1 00000210010200 -1 00000210010200 -1 00000210010200 -1 00000210010200 -1 00000210010200 -1 00000210010200 -1 00000210010201 -1 00000210010201 -1 00000210010201 -1 00000210010201 -1 00000210010201 -1 00000210010201 -1 00000210010201 -1 00000210010201 -1 00000210010201 -1 00000210010201 -1 00000210010201 -1 00000210010201 -1 00000210010201 -1 00000210010201 -1 00000210010201 -1 00000210010201 -1 00000210010201 -1 00000210010201 -1 00000210010201 -1 00000210010201 -1 00000210010201 -1 00000210010201 -1 00000210010201 -1 00000210010201 -1 00000210010201 -1 00000210010201 -1 00000210010201 -1 00000210010201 -1 -2
00031210010201 -1 00031210020201 -1 00031210020201 -1 00031210030201 -1 00031210110201 -1 00031210040201 -1 00031210010201 -1 00031210070201 -1 00031210010201 -1 00031210130201 -1 00031210140201 -1 00031210050201 -1 00031210000201 -1 00031210120201 -1 -2
00006650000201 -1 -2
00031950290201 -1 00031950010201 -1 00031950020201 -1 00031950020201 -1 00031950030201 -1 00031950270201 -1 00031950010201 -1 00031950020201 -1 00031950020201 -1 00031950010201 -1 00031950020201 -1 00031950020201 -1 00031950280201 -1 00031950010201 -1 00031950020201 -1 00031950020201 -1 00031950030201 -1 00031950040201 -1 00031950010201 -1 00031950070201 -1 00031950010201 -1 00031950000201 -1 00031950020201 -1 00031950020201 -1 00031950030201 -1 00031950050201 -1 00031950040201 -1 00031950000201 -1 -2
00026980010201 -1 00026980000201 -1 00026980020201 -1 00026980000201 -1 00026980110201 -1 00026980010201 -1 00026980010201 -1 00026980070201 -1 00026980130201 -1 00026980140201 -1 00026980000201 -1 00026980000201 -1 00026980010201 -1 00026980020201 -1 00026980030201 -1 00026980040201 -1 00026980110201 -1 00026980010201 -1 00026980070201 -1 00026980010201 -1 00026980050201 -1 00026980130201 -1 00026980140201 -1 00026980120201 -1 -2
00029840010201 -1 00029840000201 -1 00029840020201 -1 00029840030201 -1 00029840040201 -1 00029840110201 -1 00029840010201 -1 00029840050201 -1 00029840130201 -1 00029840140201 -1 00029840120201 -1 -2
00002590010200 -1 00002590020200 -1 00002590030200 -1 00002590010200 -1 00002590070200 -1 00002590040200 -1 00002590010200 -1 00002590110200 -1 00002590120200 -1 00002590130200 -1 00002590140200 -1 00002590050200 -1 00002590000200 -1 00002590010200 -1 00002590020200 -1 00002590000200 -1 00002590010200 -1 00002590020200 -1 00002590030200 -1 00002590050200 -1 00002590040200 -1 00002590010200 -1 00002590020200 -1 00002590000200 -1 00002590010200 -1 00002590020200 -1 00002590030200 -1 00002590050200 -1 00002590040200 -1 00002590010200 -1 00002590000200 -1 00002590020200 -1 00002590030200 -1 00002590050200 -1 00002590040200 -1 -2
00000170010123 -1 00000170010123 -1 00000170010123 -1 00000170010123 -1 00000170010123 -1 00000170010123 -1 00000170010123 -1 00000170010123 -1 00000170010200 -1 00000170010200 -1 00000170010200 -1 00000170010200 -1 00000170010200 -1 00000170010200 -1 00000170010200 -1 00000170010200 -1 00000170010200 -1 00000170010200 -1 00000170010200 -1 00000170010200 -1 00000170010200 -1 00000170010200 -1 00000170010200 -1 00000170010200 -1 00000170010200 -1 00000170010200 -1 00000170010200 -1 00000170010200 -1 00000170010200 -1 00000170010200 -1 00000170010200 -1 00000170010200 -1 00000170010200 -1 00000170010200 -1 00000170010200 -1 00000170010200 -1 00000170010200 -1 00000170010200 -1 00000170010200 -1 00000170010200 -1 00000170010200 -1 00000170010200 -1 00000170010200 -1 00000170010200 -1 00000170010200 -1 00000170010200 -1 00000170010200 -1 00000170010200 -1 00000170010200 -1 00000170010200 -1 00000170010200 -1 00000170010200 -1 00000170010200 -1 00000170010200 -1 00000170010200 -1 00000170010200 -1 00000170010200 -1 00000170010200 -1 00000170010200 -1 00000170010200 -1 00000170010200 -1 00000170010200 -1 00000170010200 -1 00000170010200 -1 00000170010200 -1 00000170010200 -1 00000170010200 -1 00000170010200 -1 00000170010201 -1 00000170010201 -1 00000170010201 -1 00000170010201 -1 00000170010201 -1 00000170010201 -1 00000170010201 -1 00000170010201 -1 00000170010201 -1 00000170010201 -1 00000170010201 -1 00000170010201 -1 00000170010201 -1 00000170010201 -1 00000170010201 -1 00000170010201 -1 00000170010201 -1 00000170010201 -1 00000170010201 -1 00000170010201 -1 00000170010201 -1 00000170010201 -1 00000170010201 -1 00000170010201 -1 00000170010201 -1 00000170010201 -1 00000170010201 -1 00000170010201 -1 -2
00000210010123 -1 00000210010123 -1 00000210010123 -1 00000210010123 -1 00000210010123 -1 00000210010123 -1 00000210010123 -1 00000210010123 -1 00000210010123 -1 00000210010123 -1 00000210010123 -1 00000210010123 -1 00000210010123 -1 00000210010123 -1 00000210010123 -1 00000210010123 -1 00000210010200 -1 00000210010200 -1 00000210010200 -1 00000210010200 -1 00000210010200 -1 00000210010200 -1 00000210010200 -1 00000210010200 -1 00000210010200 -1 00000210010200 -1 00000210010200 -1 00000210010200 -1 00000210010200 -1 00000210010200 -1 00000210010200 -1 00000210010200 -1 00000210010200 -1 00000210010200 -1 00000210010200 -1 00000210010200 -1 00000210010200 -1 00000210010200 -1 00000210010200 -1 00000210010200 -1 00000210010200 -1 00000210010200 -1 00000210010200 -1 00000210010200 -1 00000210010200 -1 00000210010200 -1 00000210010200 -1 00000210010200 -1 00000210010200 -1 00000210010200 -1 00000210010200 -1 00000210010200 -1 00000210010200 -1 00000210010200 -1 00000210010200 -1 00000210010200 -1 00000210010200 -1 00000210010200 -1 00000210010200 -1 00000210010200 -1 00000210010200 -1 00000210010200 -1 00000210010200 -1 00000210010200 -1 00000210010200 -1 00000210010200 -1 00000210010200 -1 00000210010200 -1 00000210010200 -1 00000210010200 -1 00000210010200 -1 00000210010200 -1 00000210010200 -1 00000210010200 -1 00000210010200 -1 00000210010200 -1 00000210010200 -1 00000210010200 -1 00000210010200 -1 00000210010200 -1 00000210010200 -1 00000210010200 -1 00000210010200 -1 00000210010200 -1 00000210010200 -1 00000210010200 -1 00000210010200 -1 00000210010200 -1 00000210010200 -1 00000210010200 -1 00000210010200 -1 00000210010200 -1 00000210010200 -1 00000210010200 -1 00000210010200 -1 00000210010200 -1 00000210010200 -1 00000210010200 -1 00000210010200 -1 00000210010200 -1 00000210010200 -1 00000210010200 -1 00000210010200 -1 00000210010200 -1 00000210010200 -1 00000210010200 -1 00000210010200 -1 00000210010200 -1 00000210010200 -1 00000210010200 -1 00000210010200 -1 00000210010200 -1 00000210010200 -1 00000210010200 -1 00000210010200 -1 00000210010200 -1 00000210010200 -1 00000210010200 -1 00000210010200 -1 00000210010200 -1 00000210010200 -1 00000210010200 -1 00000210010200 -1 00000210010200 -1 00000210010200 -1 00000210010200 -1 00000210010200 -1 00000210010200 -1 00000210010200 -1 00000210010200 -1 00000210010200 -1 00000210010200 -1 00000210010200 -1 00000210010200 -1 00000210010200 -1 00000210010200 -1 00000210010201 -1 00000210010201 -1 00000210010201 -1 00000210010201 -1 00000210010201 -1 00000210010201 -1 00000210010201 -1 00000210010201 -1 00000210010201 -1 00000210010201 -1 00000210010201 -1 00000210010201 -1 00000210010201 -1 00000210010201 -1 00000210010201 -1 00000210010201 -1 00000210010201 -1 00000210010201 -1 00000210010201 -1 00000210010201 -1 00000210010201 -1 00000210010201 -1 00000210010201 -1 00000210010201 -1 00000210010201 -1 00000210010201 -1 00000210010201 -1 00000210010201 -1 00000210010201 -1 -2
00026930290201 -1 00026930010201 -1 00026930020201 -1 00026930020201 -1 00026930030201 -1 00026930270201 -1 00026930010201 -1 00026930020201 -1 00026930020201 -1 00026930010201 -1 00026930020201 -1 00026930020201 -1 00026930280201 -1 00026930010201 -1 00026930020201 -1 00026930020201 -1 00026930030201 -1 00026930040201 -1 00026930010201 -1 00026930070201 -1 00026930000201 -1 00026930010201 -1 00026930020201 -1 00026930020201 -1 00026930120201 -1 00026930030201 -1 00026930050201 -1 00026930040201 -1 00026930080201 -1 00026930090201 -1 00026930010201 -1 00026930020201 -1 00026930000201 -1 00026930020201 -1 00026930030201 -1 00026930050201 -1 00026930040201 -1 00026930080201 -1 00026930090201 -1 00026930000201 -1 00026930010201 -1 00026930020201 -1 00026930020201 -1 00026930030201 -1 00026930050201 -1 00026930040201 -1 00026930080201 -1 00026930090201 -1 00026930000201 -1 00026930010201 -1 00026930020201 -1 00026930020201 -1 00026930030201 -1 00026930050201 -1 00026930040201 -1 00026930000201 -1 00026930000201 -1 00026930110201 -1 -2
00004410290200 -1 00004410010200 -1 00004410020200 -1 00004410020200 -1 00004410030200 -1 00004410010200 -1 00004410020200 -1 00004410020200 -1 00004410030200 -1 00004410010200 -1 00004410290200 -1 -2
00035740010201 -1 00035740020201 -1 00035740020201 -1 00035740000201 -1 00035740030201 -1 00035740040201 -1 00035740110201 -1 00035740010201 -1 00035740070201 -1 00035740010201 -1 00035740050201 -1 00035740130201 -1 00035740140201 -1 00035740120201 -1 -2
00000170010123 -1 00000170010123 -1 00000170010123 -1 00000170010123 -1 00000170010123 -1 00000170010123 -1 00000170010123 -1 00000170010123 -1 00000170010200 -1 00000170010200 -1 00000170010200 -1 00000170010200 -1 00000170010200 -1 00000170010200 -1 00000170010200 -1 00000170010200 -1 00000170010200 -1 00000170010200 -1 00000170010200 -1 00000170010200 -1 00000170010200 -1 00000170010200 -1 00000170010200 -1 00000170010200 -1 00000170010200 -1 00000170010200 -1 00000170010200 -1 00000170010200 -1 00000170010200 -1 00000170010200 -1 00000170010200 -1 00000170010200 -1 00000170010200 -1 00000170010200 -1 00000170010200 -1 00000170010200 -1 00000170010200 -1 00000170010200 -1 00000170010200 -1 00000170010200 -1 00000170010200 -1 00000170010200 -1 00000170010200 -1 00000170010200 -1 00000170010200 -1 00000170010200 -1 00000170010200 -1 00000170010200 -1 00000170010200 -1 00000170010200 -1 00000170010200 -1 00000170010200 -1 00000170010200 -1 00000170010200 -1 00000170010200 -1 00000170010200 -1 00000170010200 -1 00000170010200 -1 00000170010200 -1 00000170010200 -1 00000170010200 -1 00000170010200 -1 00000170010200 -1 00000170010200 -1 00000170010200 -1 00000170010200 -1 00000170010200 -1 00000170010200 -1 00000170010201 -1 00000170010201 -1 00000170010201 -1 00000170010201 -1 00000170010201 -1 00000170010201 -1 00000170010201 -1 00000170010201 -1 00000170010201 -1 00000170010201 -1 00000170010201 -1 00000170010201 -1 00000170010201 -1 00000170010201 -1 00000170010201 -1 00000170010201 -1 00000170010201 -1 00000170010201 -1 00000170010201 -1 00000170010201 -1 00000170010201 -1 00000170010201 -1 00000170010201 -1 00000170010201 -1 00000170010201 -1 00000170010201 -1 00000170010201 -1 00000170010201 -1 -2
00000210010123 -1 00000210010123 -1 00000210010123 -1 00000210010123 -1 00000210010123 -1 00000210010123 -1 00000210010123 -1 00000210010123 -1 00000210010123 -1 00000210010123 -1 00000210010123 -1 00000210010123 -1 00000210010123 -1 00000210010123 -1 00000210010123 -1 00000210010123 -1 00000210010200 -1 00000210010200 -1 00000210010200 -1 00000210010200 -1 00000210010200 -1 00000210010200 -1 00000210010200 -1 00000210010200 -1 00000210010200 -1 00000210010200 -1 00000210010200 -1 00000210010200 -1 00000210010200 -1 00000210010200 -1 00000210010200 -1 00000210010200 -1 00000210010200 -1 00000210010200 -1 00000210010200 -1 00000210010200 -1 00000210010200 -1 00000210010200 -1 00000210010200 -1 00000210010200 -1 00000210010200 -1 00000210010200 -1 00000210010200 -1 00000210010200 -1 00000210010200 -1 00000210010200 -1 00000210010200 -1 00000210010200 -1 00000210010200 -1 00000210010200 -1 00000210010200 -1 00000210010200 -1 00000210010200 -1 00000210010200 -1 00000210010200 -1 00000210010200 -1 00000210010200 -1 00000210010200 -1 00000210010200 -1 00000210010200 -1 00000210010200 -1 00000210010200 -1 00000210010200 -1 00000210010200 -1 00000210010200 -1 00000210010200 -1 00000210010200 -1 00000210010200 -1 00000210010200 -1 00000210010200 -1 00000210010200 -1 00000210010200 -1 00000210010200 -1 00000210010200 -1 00000210010200 -1 00000210010200 -1 00000210010200 -1 00000210010200 -1 00000210010200 -1 00000210010200 -1 00000210010200 -1 00000210010200 -1 00000210010200 -1 00000210010200 -1 00000210010200 -1 00000210010200 -1 00000210010200 -1 00000210010200 -1 00000210010200 -1 00000210010200 -1 00000210010200 -1 00000210010200 -1 00000210010200 -1 00000210010200 -1 00000210010200 -1 00000210010200 -1 00000210010200 -1 00000210010200 -1 00000210010200 -1 00000210010200 -1 00000210010200 -1 00000210010200 -1 00000210010200 -1 00000210010200 -1 00000210010200 -1 00000210010200 -1 00000210010200 -1 00000210010200 -1 00000210010200 -1 00000210010200 -1 00000210010200 -1 00000210010200 -1 00000210010200 -1 00000210010200 -1 00000210010200 -1 00000210010200 -1 00000210010200 -1 00000210010200 -1 00000210010200 -1 00000210010200 -1 00000210010200 -1 00000210010200 -1 00000210010200 -1 00000210010200 -1 00000210010200 -1 00000210010200 -1 00000210010200 -1 00000210010200 -1 00000210010200 -1 00000210010200 -1 00000210010200 -1 00000210010200 -1 00000210010200 -1 00000210010200 -1 00000210010200 -1 00000210010200 -1 00000210010201 -1 00000210010201 -1 00000210010201 -1 00000210010201 -1 00000210010201 -1 00000210010201 -1 00000210010201 -1 00000210010201 -1 00000210010201 -1 00000210010201 -1 00000210010201 -1 00000210010201 -1 00000210010201 -1 00000210010201 -1 00000210010201 -1 00000210010201 -1 00000210010201 -1 00000210010201 -1 00000210010201 -1 00000210010201 -1 00000210010201 -1 00000210010201 -1 00000210010201 -1 00000210010201 -1 00000210010201 -1 00000210010201 -1 00000210010201 -1 00000210010201 -1 00000210010201 -1 -2
00004380000200 -1 00004380010200 -1 00004380020200 -1 00004380020200 -1 00004380030200 -1 00004380040200 -1 00004380110200 -1 00004380010200 -1 00004380070200 -1 00004380010200 -1 00004380050200 -1 00004380130200 -1 00004380140200 -1 00004380120200 -1 00004380000200 -1 -2
00036010010201 -1 00036010010201 -1 00036010000201 -1 00036010020201 -1 00036010070201 -1 00036010020201 -1 00036010030201 -1 00036010050201 -1 00036010010201 -1 00036010020201 -1 00036010010201 -1 00036010120201 -1 00036010020201 -1 00036010020201 -1 00036010030201 -1 00036010020201 -1 -2
00000170010123 -1 00000170010123 -1 00000170010123 -1 00000170010123 -1 00000170010123 -1 00000170010123 -1 00000170010123 -1 00000170010123 -1 00000170010200 -1 00000170010200 -1 00000170010200 -1 00000170010200 -1 00000170010200 -1 00000170010200 -1 00000170010200 -1 00000170010200 -1 00000170010200 -1 00000170010200 -1 00000170010200 -1 00000170010200 -1 00000170010200 -1 00000170010200 -1 00000170010200 -1 00000170010200 -1 00000170010200 -1 00000170010200 -1 00000170010200 -1 00000170010200 -1 00000170010200 -1 00000170010200 -1 00000170010200 -1 00000170010200 -1 00000170010200 -1 00000170010200 -1 00000170010200 -1 00000170010200 -1 00000170010200 -1 00000170010200 -1 00000170010200 -1 00000170010200 -1 00000170010200 -1 00000170010200 -1 00000170010200 -1 00000170010200 -1 00000170010200 -1 00000170010200 -1 00000170010200 -1 00000170010200 -1 00000170010200 -1 00000170010200 -1 00000170010200 -1 00000170010200 -1 00000170010200 -1 00000170010200 -1 00000170010200 -1 00000170010200 -1 00000170010200 -1 00000170010200 -1 00000170010200 -1 00000170010200 -1 00000170010200 -1 00000170010200 -1 00000170010200 -1 00000170010200 -1 00000170010200 -1 00000170010200 -1 00000170010200 -1 00000170010200 -1 00000170010201 -1 00000170010201 -1 00000170010201 -1 00000170010201 -1 00000170010201 -1 00000170010201 -1 00000170010201 -1 00000170010201 -1 00000170010201 -1 00000170010201 -1 00000170010201 -1 00000170010201 -1 00000170010201 -1 00000170010201 -1 00000170010201 -1 00000170010201 -1 00000170010201 -1 00000170010201 -1 00000170010201 -1 00000170010201 -1 00000170010201 -1 00000170010201 -1 00000170010201 -1 00000170010201 -1 00000170010201 -1 00000170010201 -1 00000170010201 -1 00000170010201 -1 -2
00000210010123 -1 00000210010123 -1 00000210010123 -1 00000210010123 -1 00000210010123 -1 00000210010123 -1 00000210010123 -1 00000210010123 -1 00000210010123 -1 00000210010123 -1 00000210010123 -1 00000210010123 -1 00000210010123 -1 00000210010123 -1 00000210010123 -1 00000210010123 -1 00000210010200 -1 00000210010200 -1 00000210010200 -1 00000210010200 -1 00000210010200 -1 00000210010200 -1 00000210010200 -1 00000210010200 -1 00000210010200 -1 00000210010200 -1 00000210010200 -1 00000210010200 -1 00000210010200 -1 00000210010200 -1 00000210010200 -1 00000210010200 -1 00000210010200 -1 00000210010200 -1 00000210010200 -1 00000210010200 -1 00000210010200 -1 00000210010200 -1 00000210010200 -1 00000210010200 -1 00000210010200 -1 00000210010200 -1 00000210010200 -1 00000210010200 -1 00000210010200 -1 00000210010200 -1 00000210010200 -1 00000210010200 -1 00000210010200 -1 00000210010200 -1 00000210010200 -1 00000210010200 -1 00000210010200 -1 00000210010200 -1 00000210010200 -1 00000210010200 -1 00000210010200 -1 00000210010200 -1 00000210010200 -1 00000210010200 -1 00000210010200 -1 00000210010200 -1 00000210010200 -1 00000210010200 -1 00000210010200 -1 00000210010200 -1 00000210010200 -1 00000210010200 -1 00000210010200 -1 00000210010200 -1 00000210010200 -1 00000210010200 -1 00000210010200 -1 00000210010200 -1 00000210010200 -1 00000210010200 -1 00000210010200 -1 00000210010200 -1 00000210010200 -1 00000210010200 -1 00000210010200 -1 00000210010200 -1 00000210010200 -1 00000210010200 -1 00000210010200 -1 00000210010200 -1 00000210010200 -1 00000210010200 -1 00000210010200 -1 00000210010200 -1 00000210010200 -1 00000210010200 -1 00000210010200 -1 00000210010200 -1 00000210010200 -1 00000210010200 -1 00000210010200 -1 00000210010200 -1 00000210010200 -1 00000210010200 -1 00000210010200 -1 00000210010200 -1 00000210010200 -1 00000210010200 -1 00000210010200 -1 00000210010200 -1 00000210010200 -1 00000210010200 -1 00000210010200 -1 00000210010200 -1 00000210010200 -1 00000210010200 -1 00000210010200 -1 00000210010200 -1 00000210010200 -1 00000210010200 -1 00000210010200 -1 00000210010200 -1 00000210010200 -1 00000210010200 -1 00000210010200 -1 00000210010200 -1 00000210010200 -1 00000210010200 -1 00000210010200 -1 00000210010200 -1 00000210010200 -1 00000210010200 -1 00000210010200 -1 00000210010200 -1 00000210010200 -1 00000210010200 -1 00000210010200 -1 00000210010200 -1 00000210010200 -1 00000210010200 -1 00000210010201 -1 00000210010201 -1 00000210010201 -1 00000210010201 -1 00000210010201 -1 00000210010201 -1 00000210010201 -1 00000210010201 -1 00000210010201 -1 00000210010201 -1 00000210010201 -1 00000210010201 -1 00000210010201 -1 00000210010201 -1 00000210010201 -1 00000210010201 -1 00000210010201 -1 00000210010201 -1 00000210010201 -1 00000210010201 -1 00000210010201 -1 00000210010201 -1 00000210010201 -1 00000210010201 -1 00000210010201 -1 00000210010201 -1 00000210010201 -1 00000210010201 -1 00000210010201 -1 -2
00026050010201 -1 00026050020201 -1 00026050020201 -1 00026050000201 -1 00026050030201 -1 00026050110201 -1 00026050040201 -1 00026050010201 -1 00026050070201 -1 00026050010201 -1 00026050050201 -1 00026050130201 -1 00026050140201 -1 00026050120201 -1 -2
00001650010200 -1 00001650010200 -1 00001650000200 -1 00001650070200 -1 00001650020200 -1 00001650030200 -1 00001650050200 -1 00001650010200 -1 00001650020200 -1 00001650120200 -1 00001650030200 -1 -2
00004480010200 -1 00004480020200 -1 00004480030200 -1 00004480040200 -1 00004480110200 -1 00004480010200 -1 00004480070200 -1 00004480010200 -1 00004480050200 -1 00004480000200 -1 00004480130200 -1 00004480140200 -1 00004480120200 -1 00004480010200 -1 00004480020200 -1 00004480000200 -1 -2
00037370000201 -1 00037370010201 -1 00037370020201 -1 00037370030201 -1 00037370040201 -1 00037370010201 -1 00037370110201 -1 00037370070201 -1 00037370010201 -1 00037370050201 -1 00037370130201 -1 00037370140201 -1 00037370120201 -1 00037370000201 -1 00037370010201 -1 00037370020201 -1 00037370030201 -1 00037370040201 -1 00037370050201 -1 00037370010201 -1 00037370000201 -1 00037370020201 -1 00037370030201 -1 00037370040201 -1 00037370050201 -1 00037370010201 -1 00037370000201 -1 00037370020201 -1 00037370030201 -1 00037370040201 -1 00037370050201 -1 00037370010201 -1 00037370000201 -1 00037370020201 -1 00037370030201 -1 00037370050201 -1 00037370040201 -1 -2
00000170010123 -1 00000170010123 -1 00000170010123 -1 00000170010123 -1 00000170010123 -1 00000170010123 -1 00000170010123 -1 00000170010123 -1 00000170010200 -1 00000170010200 -1 00000170010200 -1 00000170010200 -1 00000170010200 -1 00000170010200 -1 00000170010200 -1 00000170010200 -1 00000170010200 -1 00000170010200 -1 00000170010200 -1 00000170010200 -1 00000170010200 -1 00000170010200 -1 00000170010200 -1 00000170010200 -1 00000170010200 -1 00000170010200 -1 00000170010200 -1 00000170010200 -1 00000170010200 -1 00000170010200 -1 00000170010200 -1 00000170010200 -1 00000170010200 -1 00000170010200 -1 00000170010200 -1 00000170010200 -1 00000170010200 -1 00000170010200 -1 00000170010200 -1 00000170010200 -1 00000170010200 -1 00000170010200 -1 00000170010200 -1 00000170010200 -1 00000170010200 -1 00000170010200 -1 00000170010200 -1 00000170010200 -1 00000170010200 -1 00000170010200 -1 00000170010200 -1 00000170010200 -1 00000170010200 -1 00000170010200 -1 00000170010200 -1 00000170010200 -1 00000170010200 -1 00000170010200 -1 00000170010200 -1 00000170010200 -1 00000170010200 -1 00000170010200 -1 00000170010200 -1 00000170010200 -1 00000170010200 -1 00000170010200 -1 00000170010200 -1 00000170010200 -1 00000170010201 -1 00000170010201 -1 00000170010201 -1 00000170010201 -1 00000170010201 -1 00000170010201 -1 00000170010201 -1 00000170010201 -1 00000170010201 -1 00000170010201 -1 00000170010201 -1 00000170010201 -1 00000170010201 -1 00000170010201 -1 00000170010201 -1 00000170010201 -1 00000170010201 -1 00000170010201 -1 00000170010201 -1 00000170010201 -1 00000170010201 -1 00000170010201 -1 00000170010201 -1 00000170010201 -1 00000170010201 -1 00000170010201 -1 00000170010201 -1 00000170010201 -1 -2
00000210010123 -1 00000210010123 -1 00000210010123 -1 00000210010123 -1 00000210010123 -1 00000210010123 -1 00000210010123 -1 00000210010123 -1 00000210010123 -1 00000210010123 -1 00000210010123 -1 00000210010123 -1 00000210010123 -1 00000210010123 -1 00000210010123 -1 00000210010123 -1 00000210010200 -1 00000210010200 -1 00000210010200 -1 00000210010200 -1 00000210010200 -1 00000210010200 -1 00000210010200 -1 00000210010200 -1 00000210010200 -1 00000210010200 -1 00000210010200 -1 00000210010200 -1 00000210010200 -1 00000210010200 -1 00000210010200 -1 00000210010200 -1 00000210010200 -1 00000210010200 -1 00000210010200 -1 00000210010200 -1 00000210010200 -1 00000210010200 -1 00000210010200 -1 00000210010200 -1 00000210010200 -1 00000210010200 -1 00000210010200 -1 00000210010200 -1 00000210010200 -1 00000210010200 -1 00000210010200 -1 00000210010200 -1 00000210010200 -1 00000210010200 -1 00000210010200 -1 00000210010200 -1 00000210010200 -1 00000210010200 -1 00000210010200 -1 00000210010200 -1 00000210010200 -1 00000210010200 -1 00000210010200 -1 00000210010200 -1 00000210010200 -1 00000210010200 -1 00000210010200 -1 00000210010200 -1 00000210010200 -1 00000210010200 -1 00000210010200 -1 00000210010200 -1 00000210010200 -1 00000210010200 -1 00000210010200 -1 00000210010200 -1 00000210010200 -1 00000210010200 -1 00000210010200 -1 00000210010200 -1 00000210010200 -1 00000210010200 -1 00000210010200 -1 00000210010200 -1 00000210010200 -1 00000210010200 -1 00000210010200 -1 00000210010200 -1 00000210010200 -1 00000210010200 -1 00000210010200 -1 00000210010200 -1 00000210010200 -1 00000210010200 -1 00000210010200 -1 00000210010200 -1 00000210010200 -1 00000210010200 -1 00000210010200 -1 00000210010200 -1 00000210010200 -1 00000210010200 -1 00000210010200 -1 00000210010200 -1 00000210010200 -1 00000210010200 -1 00000210010200 -1 00000210010200 -1 00000210010200 -1 00000210010200 -1 00000210010200 -1 00000210010200 -1 00000210010200 -1 00000210010200 -1 00000210010200 -1 00000210010200 -1 00000210010200 -1 00000210010200 -1 00000210010200 -1 00000210010200 -1 00000210010200 -1 00000210010200 -1 00000210010200 -1 00000210010200 -1 00000210010200 -1 00000210010200 -1 00000210010200 -1 00000210010200 -1 00000210010200 -1 00000210010200 -1 00000210010200 -1 00000210010200 -1 00000210010200 -1 00000210010200 -1 00000210010200 -1 00000210010200 -1 00000210010200 -1 00000210010200 -1 00000210010200 -1 00000210010200 -1 00000210010201 -1 00000210010201 -1 00000210010201 -1 00000210010201 -1 00000210010201 -1 00000210010201 -1 00000210010201 -1 00000210010201 -1 00000210010201 -1 00000210010201 -1 00000210010201 -1 00000210010201 -1 00000210010201 -1 00000210010201 -1 00000210010201 -1 00000210010201 -1 00000210010201 -1 00000210010201 -1 00000210010201 -1 00000210010201 -1 00000210010201 -1 00000210010201 -1 00000210010201 -1 00000210010201 -1 00000210010201 -1 00000210010201 -1 00000210010201 -1 00000210010201 -1 00000210010201 -1 -2
00037460010201 -1 00037460290201 -1 00037460010201 -1 00037460020201 -1 00037460020201 -1 00037460030201 -1 00037460010201 -1 00037460040201 -1 00037460000201 -1 00037460010201 -1 00037460070201 -1 00037460130201 -1 00037460140201 -1 00037460010201 -1 00037460000201 -1 00037460020201 -1 00037460020201 -1 00037460030201 -1 00037460050201 -1 00037460040201 -1 00037460120201 -1 00037460010201 -1 00037460020201 -1 00037460020201 -1 00037460170201 -1 00037460170201 -1 00037460170201 -1 00037460170201 -1 00037460000201 -1 00037460010201 -1 00037460000201 -1 00037460020201 -1 00037460020201 -1 00037460030201 -1 00037460040201 -1 00037460050201 -1 00037460010201 -1 00037460000201 -1 00037460020201 -1 00037460020201 -1 00037460030201 -1 00037460050201 -1 00037460040201 -1 00037460000201 -1 00037460110201 -1 00037460040201 -1 00037460010201 -1 00037460000201 -1 00037460020201 -1 00037460020201 -1 00037460030201 -1 00037460050201 -1 00037460040201 -1 00037460010201 -1 00037460000201 -1 00037460020201 -1 00037460020201 -1 00037460030201 -1 00037460040201 -1 00037460050201 -1 00037460080201 -1 00037460090201 -1 00037460010201 -1 00037460020201 -1 00037460000201 -1 00037460020201 -1 00037460030201 -1 00037460040201 -1 00037460050201 -1 00037460080201 -1 00037460090201 -1 00037460000201 -1 00037460010201 -1 00037460020201 -1 00037460020201 -1 00037460030201 -1 00037460040201 -1 00037460050201 -1 -2
00038600010201 -1 00038600010201 -1 00038600000201 -1 00038600070201 -1 00038600020201 -1 00038600020201 -1 00038600030201 -1 00038600050201 -1 00038600010201 -1 00038600020201 -1 00038600020201 -1 00038600030201 -1 -2
00035050050201 -1 00035050080201 -1 00035050010201 -1 00035050010201 -1 00035050090201 -1 00035050020201 -1 00035050070201 -1 00035050020201 -1 00035050030201 -1 00035050010201 -1 00035050020201 -1 00035050020201 -1 00035050010201 -1 00035050050201 -1 00035050020201 -1 00035050020201 -1 00035050030201 -1 00035050010201 -1 00035050020201 -1 00035050020201 -1 -2
00000170010123 -1 00000170010123 -1 00000170010123 -1 00000170010123 -1 00000170010123 -1 00000170010123 -1 00000170010123 -1 00000170010123 -1 00000170010200 -1 00000170010200 -1 00000170010200 -1 00000170010200 -1 00000170010200 -1 00000170010200 -1 00000170010200 -1 00000170010200 -1 00000170010200 -1 00000170010200 -1 00000170010200 -1 00000170010200 -1 00000170010200 -1 00000170010200 -1 00000170010200 -1 00000170010200 -1 00000170010200 -1 00000170010200 -1 00000170010200 -1 00000170010200 -1 00000170010200 -1 00000170010200 -1 00000170010200 -1 00000170010200 -1 00000170010200 -1 00000170010200 -1 00000170010200 -1 00000170010200 -1 00000170010200 -1 00000170010200 -1 00000170010200 -1 00000170010200 -1 00000170010200 -1 00000170010200 -1 00000170010200 -1 00000170010200 -1 00000170010200 -1 00000170010200 -1 00000170010200 -1 00000170010200 -1 00000170010200 -1 00000170010200 -1 00000170010200 -1 00000170010200 -1 00000170010200 -1 00000170010200 -1 00000170010200 -1 00000170010200 -1 00000170010200 -1 00000170010200 -1 00000170010200 -1 00000170010200 -1 00000170010200 -1 00000170010200 -1 00000170010200 -1 00000170010200 -1 00000170010200 -1 00000170010200 -1 00000170010200 -1 00000170010200 -1 00000170010201 -1 00000170010201 -1 00000170010201 -1 00000170010201 -1 00000170010201 -1 00000170010201 -1 00000170010201 -1 00000170010201 -1 00000170010201 -1 00000170010201 -1 00000170010201 -1 00000170010201 -1 00000170010201 -1 00000170010201 -1 00000170010201 -1 00000170010201 -1 00000170010201 -1 00000170010201 -1 00000170010201 -1 00000170010201 -1 00000170010201 -1 00000170010201 -1 00000170010201 -1 00000170010201 -1 00000170010201 -1 00000170010201 -1 00000170010201 -1 00000170010202 -1 -2
00000210010123 -1 00000210010123 -1 00000210010123 -1 00000210010123 -1 00000210010123 -1 00000210010123 -1 00000210010123 -1 00000210010123 -1 00000210010123 -1 00000210010123 -1 00000210010123 -1 00000210010123 -1 00000210010123 -1 00000210010123 -1 00000210010123 -1 00000210010123 -1 00000210010200 -1 00000210010200 -1 00000210010200 -1 00000210010200 -1 00000210010200 -1 00000210010200 -1 00000210010200 -1 00000210010200 -1 00000210010200 -1 00000210010200 -1 00000210010200 -1 00000210010200 -1 00000210010200 -1 00000210010200 -1 00000210010200 -1 00000210010200 -1 00000210010200 -1 00000210010200 -1 00000210010200 -1 00000210010200 -1 00000210010200 -1 00000210010200 -1 00000210010200 -1 00000210010200 -1 00000210010200 -1 00000210010200 -1 00000210010200 -1 00000210010200 -1 00000210010200 -1 00000210010200 -1 00000210010200 -1 00000210010200 -1 00000210010200 -1 00000210010200 -1 00000210010200 -1 00000210010200 -1 00000210010200 -1 00000210010200 -1 00000210010200 -1 00000210010200 -1 00000210010200 -1 00000210010200 -1 00000210010200 -1 00000210010200 -1 00000210010200 -1 00000210010200 -1 00000210010200 -1 00000210010200 -1 00000210010200 -1 00000210010200 -1 00000210010200 -1 00000210010200 -1 00000210010200 -1 00000210010200 -1 00000210010200 -1 00000210010200 -1 00000210010200 -1 00000210010200 -1 00000210010200 -1 00000210010200 -1 00000210010200 -1 00000210010200 -1 00000210010200 -1 00000210010200 -1 00000210010200 -1 00000210010200 -1 00000210010200 -1 00000210010200 -1 00000210010200 -1 00000210010200 -1 00000210010200 -1 00000210010200 -1 00000210010200 -1 00000210010200 -1 00000210010200 -1 00000210010200 -1 00000210010200 -1 00000210010200 -1 00000210010200 -1 00000210010200 -1 00000210010200 -1 00000210010200 -1 00000210010200 -1 00000210010200 -1 00000210010200 -1 00000210010200 -1 00000210010200 -1 00000210010200 -1 00000210010200 -1 00000210010200 -1 00000210010200 -1 00000210010200 -1 00000210010200 -1 00000210010200 -1 00000210010200 -1 00000210010200 -1 00000210010200 -1 00000210010200 -1 00000210010200 -1 00000210010200 -1 00000210010200 -1 00000210010200 -1 00000210010200 -1 00000210010200 -1 00000210010200 -1 00000210010200 -1 00000210010200 -1 00000210010200 -1 00000210010200 -1 00000210010200 -1 00000210010200 -1 00000210010200 -1 00000210010200 -1 00000210010200 -1 00000210010200 -1 00000210010200 -1 00000210010200 -1 00000210010200 -1 00000210010200 -1 00000210010200 -1 00000210010201 -1 00000210010201 -1 00000210010201 -1 00000210010201 -1 00000210010201 -1 00000210010201 -1 00000210010201 -1 00000210010201 -1 00000210010201 -1 00000210010201 -1 00000210010201 -1 00000210010201 -1 00000210010201 -1 00000210010201 -1 00000210010201 -1 00000210010201 -1 00000210010201 -1 00000210010201 -1 00000210010201 -1 00000210010201 -1 00000210010201 -1 00000210010201 -1 00000210010201 -1 00000210010201 -1 00000210010201 -1 00000210010201 -1 00000210010201 -1 00000210010201 -1 00000210010202 -1 -2
00002730010200 -1 00002730290200 -1 00002730010200 -1 00002730020200 -1 00002730020200 -1 00002730030200 -1 00002730000200 -1 00002730000200 -1 00002730050200 -1 00002730010200 -1 00002730010200 -1 00002730020200 -1 00002730020200 -1 00002730020200 -1 00002730020200 -1 00002730030200 -1 00002730030200 -1 00002730010200 -1 00002730070200 -1 00002730110200 -1 00002730270200 -1 00002730010200 -1 00002730020200 -1 00002730020200 -1 00002730280200 -1 00002730270200 -1 00002730010200 -1 00002730020200 -1 00002730020200 -1 00002730280200 -1 00002730010200 -1 00002730020200 -1 00002730020200 -1 00002730000200 -1 00002730000200 -1 00002730110200 -1 00002730110200 -1 00002730000200 -1 00002730050200 -1 00002730010200 -1 00002730010200 -1 00002730020200 -1 00002730020200 -1 00002730020200 -1 00002730020200 -1 00002730030200 -1 00002730030200 -1 00002730010200 -1 00002730020200 -1 00002730020200 -1 00002730030200 -1 -2
00004840010200 -1 00004840010200 -1 00004840000200 -1 00004840070200 -1 00004840020200 -1 00004840020200 -1 00004840030200 -1 00004840010200 -1 00004840050200 -1 00004840020200 -1 00004840020200 -1 00004840030200 -1 00004840010200 -1 00004840020200 -1 00004840020200 -1 -2
00000790000123 -1 00000790010123 -1 00000790020123 -1 00000790020123 -1 00000790030123 -1 00000790040123 -1 00000790110123 -1 00000790010123 -1 00000790010123 -1 00000790070123 -1 00000790050123 -1 00000790130123 -1 00000790140123 -1 00000790120123 -1 00000790000123 -1 00000790110123 -1 00000790040123 -1 00000790010123 -1 00000790010123 -1 00000790010123 -1 00000790010123 -1 00000790010123 -1 00000790010123 -1 00000790010123 -1 00000790010123 -1 00000790010123 -1 00000790010123 -1 00000790010123 -1 00000790010123 -1 00000790010123 -1 00000790010123 -1 00000790010123 -1 00000790010123 -1 00000790010123 -1 00000790010123 -1 00000790010123 -1 00000790010200 -1 00000790010200 -1 00000790010200 -1 00000790010200 -1 00000790010200 -1 00000790000200 -1 00000790020200 -1 00000790020200 -1 00000790030200 -1 00000790040200 -1 00000790110200 -1 00000790010200 -1 00000790010200 -1 00000790070200 -1 00000790130200 -1 00000790140200 -1 00000790050200 -1 00000790120200 -1 00000790010200 -1 00000790010200 -1 00000790000200 -1 00000790010200 -1 00000790020200 -1 00000790020200 -1 00000790030200 -1 00000790050200 -1 00000790040200 -1 -2
00004690000200 -1 00004690270200 -1 00004690010200 -1 00004690020200 -1 00004690020200 -1 00004690010200 -1 00004690020200 -1 00004690020200 -1 00004690280200 -1 00004690010200 -1 00004690020200 -1 00004690020200 -1 00004690030200 -1 00004690040200 -1 00004690010200 -1 00004690070200 -1 00004690000200 -1 00004690010200 -1 00004690020200 -1 00004690020200 -1 00004690030200 -1 00004690120200 -1 00004690040200 -1 00004690050200 -1 00004690010200 -1 00004690010200 -1 00004690010200 -1 00004690010200 -1 00004690010200 -1 00004690010200 -1 00004690010200 -1 00004690010200 -1 00004690010200 -1 00004690010200 -1 00004690010200 -1 00004690010200 -1 00004690010200 -1 00004690010200 -1 00004690010200 -1 00004690010200 -1 00004690010200 -1 00004690010200 -1 00004690010200 -1 00004690010200 -1 00004690010200 -1 00004690010200 -1 00004690020200 -1 00004690020200 -1 00004690000200 -1 00004690030200 -1 00004690050200 -1 00004690040200 -1 -2
00030620000201 -1 00030620010201 -1 00030620020201 -1 00030620020201 -1 00030620030201 -1 -2
00002710010200 -1 00002710020200 -1 00002710000200 -1 00002710030200 -1 00002710040200 -1 00002710110200 -1 00002710010200 -1 00002710070200 -1 00002710010200 -1 00002710050200 -1 00002710130200 -1 00002710140200 -1 00002710120200 -1 00002710010200 -1 00002710020200 -1 00002710010200 -1 00002710000200 -1 00002710020200 -1 00002710030200 -1 00002710050200 -1 00002710040200 -1 -2
00035370010201 -1 00035370000201 -1 00035370010201 -1 00035370070201 -1 00035370020201 -1 00035370030201 -1 00035370050201 -1 00035370010201 -1 00035370020201 -1 00035370030201 -1 00035370120201 -1 -2
00001700000200 -1 00001700000200 -1 00001700110200 -1 00001700000200 -1 -2
00035600010201 -1 00035600020201 -1 00035600000201 -1 00035600030201 -1 00035600040201 -1 00035600110201 -1 00035600010201 -1 00035600070201 -1 00035600010201 -1 00035600050201 -1 00035600130201 -1 00035600140201 -1 00035600120201 -1 -2
00004220010200 -1 00004220020200 -1 00004220020200 -1 00004220030200 -1 00004220040200 -1 00004220000200 -1 00004220110200 -1 00004220010200 -1 00004220070200 -1 -2
00031730010201 -1 00031730020201 -1 00031730030201 -1 00031730040201 -1 -2
00003360010200 -1 00003360020200 -1 00003360030200 -1 00003360000200 -1 00003360040200 -1 00003360010200 -1 00003360110200 -1 00003360070200 -1 00003360010200 -1 00003360050200 -1 00003360130200 -1 00003360140200 -1 00003360120200 -1 -2
00002270010200 -1 00002270020200 -1 00002270000200 -1 00002270020200 -1 00002270030200 -1 00002270040200 -1 00002270110200 -1 00002270010200 -1 00002270070200 -1 00002270050200 -1 00002270010200 -1 00002270130200 -1 00002270120200 -1 00002270140200 -1 -2
00036560290201 -1 00036560010201 -1 00036560020201 -1 00036560020201 -1 00036560030201 -1 00036560270201 -1 00036560010201 -1 00036560020201 -1 00036560020201 -1 00036560010201 -1 00036560020201 -1 00036560020201 -1 00036560280201 -1 00036560010201 -1 00036560020201 -1 00036560020201 -1 00036560030201 -1 00036560040201 -1 00036560010201 -1 00036560070201 -1 00036560010201 -1 00036560000201 -1 00036560020201 -1 00036560020201 -1 00036560030201 -1 00036560120201 -1 00036560050201 -1 00036560040201 -1 00036560010201 -1 00036560000201 -1 00036560020201 -1 00036560020201 -1 00036560030201 -1 00036560040201 -1 00036560050201 -1 00036560010201 -1 00036560010201 -1 00036560010201 -1 00036560010201 -1 00036560010201 -1 00036560010201 -1 00036560010201 -1 00036560010201 -1 00036560010201 -1 00036560010201 -1 00036560010201 -1 00036560010201 -1 00036560010201 -1 00036560010201 -1 00036560010201 -1 00036560010201 -1 00036560010201 -1 00036560010201 -1 00036560010201 -1 00036560010201 -1 00036560010201 -1 00036560010201 -1 00036560010201 -1 00036560000201 -1 00036560020201 -1 00036560020201 -1 00036560030201 -1 00036560050201 -1 00036560040201 -1 00036560010201 -1 00036560000201 -1 00036560020201 -1 00036560020201 -1 00036560030201 -1 00036560040201 -1 00036560050201 -1 -2
00044380010202 -1 00044380070202 -1 00044380010202 -1 00044380000202 -1 00044380020202 -1 00044380020202 -1 00044380030202 -1 00044380050202 -1 00044380010202 -1 00044380020202 -1 00044380020202 -1 00044380030202 -1 -2
00003400010200 -1 00003400020200 -1 00003400030200 -1 00003400000200 -1 00003400040200 -1 00003400110200 -1 00003400010200 -1 00003400070200 -1 00003400010200 -1 00003400050200 -1 00003400130200 -1 00003400140200 -1 00003400120200 -1 -2
